# This file may be used to create an environment using:
# $ conda create --name <env> --file <this file>
# platform: linux-64
_libgcc_mutex=0.1=main
appdirs=1.4.4=py_0
attrs=20.3.0=pyhd3eb1b0_0
black=19.10b0=py_0
blas=1.0=mkl
bzip2=1.0.8=h516909a_3
ca-certificates=2020.12.5=ha878542_0
certifi=2020.12.5=py38h578d9bd_0
click=7.1.2=py_0
cloudpickle=1.6.0=py_0
ffmpeg=4.3.1=h3215721_1
freetype=2.10.4=h7ca028e_0
future=0.18.2=py38h578d9bd_2
gmp=6.2.1=h58526e2_0
gnutls=3.6.13=h85f3911_1
gym=0.17.3=py38h81c977d_2
intel-openmp=2020.2=254
lame=3.100=h14c3975_1001
ld_impl_linux-64=2.33.1=h53a641e_7
libedit=3.1.20191231=h14c3975_1
libffi=3.3=he6710b0_2
libgcc-ng=9.1.0=hdf63c60_0
libgfortran-ng=7.5.0=hae1eefd_17
libgfortran4=7.5.0=hae1eefd_17
libiconv=1.16=h516909a_0
libpng=1.6.37=h21135ba_2
libstdcxx-ng=9.1.0=hdf63c60_0
mkl=2020.2=256
mkl-service=2.3.0=py38he904b0f_0
mkl_fft=1.2.0=py38h23d657b_0
mkl_random=1.1.1=py38h0573a6f_0
mypy_extensions=0.4.3=py38_0
ncurses=6.2=he6710b0_1
nettle=3.6=he412f7d_0
numpy=1.19.2=py38h54aff64_0
numpy-base=1.19.2=py38hfa32c7d_0
openh264=2.1.1=h8b12597_0
openssl=1.1.1i=h27cfd23_0
pathspec=0.7.0=py_0
pip=20.3.3=py38h06a4308_0
pyglet=1.5.0=pypi_0
python=3.8.5=h7579374_1
python_abi=3.8=1_cp38
pyyaml=5.3.1=py38h7b6447c_1
readline=8.0=h7b6447c_0
regex=2020.11.13=py38h27cfd23_0
scipy=1.5.2=py38h0b6359f_0
setuptools=51.0.0=py38h06a4308_2
six=1.15.0=py38h06a4308_0
sqlite=3.33.0=h62c20be_0
tk=8.6.10=hbc83047_0
toml=0.10.1=py_0
typed-ast=1.4.1=py38h7b6447c_0
typing_extensions=3.7.4.3=py_0
wheel=0.36.2=pyhd3eb1b0_0
x264=1!152.20180806=h14c3975_0
xz=5.2.5=h7b6447c_0
yaml=0.2.5=h7b6447c_0
zlib=1.2.11=h7b6447c_3
